rostopic pub /pose_to_reach geometry_msgs/PoseStamped "header:
  seq: 0
  stamp:
    secs: 0
    nsecs: 0
  frame_id: 'world'
pose:
  position:
    x: 0.058759569611
    y: 0.147050725144
    z: 1.10476148379
  orientation:
    x: -0.0457869399862
    y: 0.441502583932
    z: 0.807290294535
    w: 0.388923392017"
